50 3 1

0.86 0.3225 0.0 0.5
0.58 0.855 0.0 0.0
0.96 0.8475 0.5 0.5
0.8 0.525 0.0 0.5
0.84 0.935 1.0 1.0
0.6 0.605 0.5 0.0
0.45 0.2775 0.0 1.0
0.84 0.3 0.5 0.5
0.46 0.815 1.0 1.0
0.7 0.505 0.0 0.0
0.46 0.535 1.0 0.0
0.68 0.88 1.0 1.0
0.22 0.8875 0.5 0.5
0.96 0.7775 0.0 0.0
0.43 0.9125 0.0 0.0
0.79 0.995 0.0 0.0
0.28 0.9075 1.0 1.0
0.98 0.7375 1.0 0.5
0.52 0.3175 1.0 0.0
0.78 0.4 1.0 1.0
0.28 0.7275 1.0 0.0
0.67 0.9325 0.0 0.0
0.96 0.355 1.0 0.5
0.3 0.84 0.0 0.0
0.53 0.8525 1.0 0.0
0.91 0.6625 0.5 0.5
0.71 0.9175 0.5 0.5
0.91 0.96 0.0 0.0
0.73 0.3825 0.5 0.0
0.35 0.7925 1.0 1.0
0.65 0.9575 0.5 0.5
0.35 0.775 0.5 0.5
0.72 0.7625 1.0 1.0
0.58 0.78 0.5 0.5
0.21 0.9775 1.0 1.0
0.82 0.7175 0.5 0.5
0.87 0.865 0.5 0.5
0.62 0.8675 0.0 0.0
0.67 0.8025 0.5 0.5
0.58 0.7075 0.5 0.0
0.82 0.945 0.5 0.5
0.9 0.605 1.0 0.5
0.72 0.8025 0.0 0.0
0.76 0.4675 0.0 0.5
0.65 0.8475 1.0 1.0
0.54 0.895 0.0 0.0
0.35 0.4625 0.5 0.0
0.97 0.955 1.0 1.0
0.41 0.91 0.5 0.5
0.37 0.44 0.0 0.0
