50 1

0.7770852426915895 0.5 
0.0043305170384722565 0.0 
0.4436987824935492 0.5 
0.2472520521608664 0.5 
0.8577645515075897 1.0 
0.13893781117839749 0.0 
0.7420885510444436 1.0 
0.44868727889648125 0.5 
0.7985755309937594 1.0 
0.17299499366368493 0.0 
0.22948888835120593 0.0 
0.8582380342228912 1.0 
0.3627844232117475 0.5 
0.1070608165441908 0.0 
0.00476142531342223 0.0 
0.03646025899660113 0.0 
0.9343039642349616 1.0 
0.7385441203656541 0.5 
0.09724885164511246 0.0 
0.5721359691700388 1.0 
0.3511822321836124 0.0 
0.013028208935423788 0.0 
0.6870676880265668 0.5 
0.003953576421243295 0.0 
0.8594573339570843 0.0 
0.5455907459776452 0.5 
0.5900608863240534 0.5 
0.03812612100435247 0.0 
0.18123420838687213 0.0 
0.6813055449379078 1.0 
0.6901106245739299 0.5 
0.11567331043514306 0.5 
0.7558571011710387 1.0 
0.31484961300537806 0.5 
0.9768027448042035 1.0 
0.492689287598135 0.5 
0.4812972171432802 0.5 
0.0058011244067957424 0.0 
0.4440022636242898 0.5 
0.20984219587326794 0.0 
0.5334307807549777 0.5 
0.7182971477841156 0.5 
0.011000041127661208 0.0 
0.34229208363487484 0.5 
0.833431333052369 1.0 
0.004742455220372863 0.0 
0.033770943877411905 0.0 
0.829362073505002 1.0 
0.5225461486746953 0.5 
0.1479343947478507 0.0 
